%YAML:1.0
---
K1: !!opencv-matrix
   rows: 3
   cols: 3
   dt: d
   data: [ 1.9388614660787982e+03, 0., 1.2288566332433832e+03, 0.,
       1.9399034482548529e+03, 1.0176645316419806e+03, 0., 0., 1. ]
K2: !!opencv-matrix
   rows: 3
   cols: 3
   dt: d
   data: [ 1.9586798483976136e+03, 0., 1.2456273132709132e+03, 0.,
       1.9612088284032218e+03, 1.0092340851971524e+03, 0., 0., 1. ]
D1: !!opencv-matrix
   rows: 1
   cols: 5
   dt: d
   data: [ 2.7232294251102357e-01, 6.6799928978726397e-01,
       -4.2673362970089366e-03, 2.4403703367638046e-03,
       -1.8690832465991589e-01 ]
D2: !!opencv-matrix
   rows: 1
   cols: 5
   dt: d
   data: [ 2.6824761063602576e-01, 7.0029549385922440e-01,
       -1.2395027795371790e-02, 6.3270031739595936e-03,
       -3.4084728007062742e-01 ]
R: !!opencv-matrix
   rows: 3
   cols: 3
   dt: d
   data: [ 9.7461413350518233e-01, 2.2383269308504547e-01,
       5.1201834184489755e-03, -2.2385666680989466e-01,
       9.7461067376972055e-01, 4.7145836396295607e-03,
       -3.9349074584461262e-03, -5.7410870422845532e-03,
       9.9997577791807857e-01 ]
T: !!opencv-matrix
  rows: 3
  cols: 1
  dt: d
  data: [ -2.5102749222256615e-01, 2.3795233614089277e-03,
    1.2371424572726620e-02 ]
E: !!opencv-matrix
   rows: 3
   cols: 3
   dt: d
   data: [ 2.7600626643182516e-03, -1.2070983489053366e-02,
       2.3211396085096457e-03, 1.1069595288751073e-02,
       1.3279585965557462e-03, 2.5108475577704487e-01,
       5.3875060587555514e-02, -2.4518668845200142e-01,
       -1.1956737039886451e-03 ]
F: !!opencv-matrix
   rows: 3
   cols: 3
   dt: d
   data: [ -1.9995533738659197e-08, 8.7402404197157877e-08,
       -9.6978023041472775e-05, -8.0091313751488673e-08,
       -9.6029545513837255e-09, -3.4140617159132171e-03,
       -6.5874065022713353e-04, 3.3781120458374570e-03, 1. ]
R1: !!opencv-matrix
   rows: 3
   cols: 3
   dt: d
   data: [ 9.7570205646951402e-01, 2.1460707268292753e-01,
       -4.4150893033164891e-02, -2.1461296788325465e-01,
       9.7668804450049485e-01, 4.6623755898230514e-03,
       4.4122228156592606e-02, 4.9262647375200135e-03,
       9.9901399434554150e-01 ]
R2: !!opencv-matrix
   rows: 3
   cols: 3
   dt: d
   data: [ 9.9874303268855946e-01, -9.4672195355388067e-03,
       -4.9221198790002627e-02, 9.4737557901843385e-03,
       9.9995511791766001e-01, -1.0050625125338506e-04,
       4.9219941154850975e-02, -3.6592969885563620e-04,
       9.9878789714742178e-01 ]
P1: !!opencv-matrix
   rows: 3
   cols: 4
   dt: d
   data: [ 1.9399034482548529e+03, 0., 1.3538086624145508e+03, 0., 0.,
       1.9399034482548529e+03, 1.0033204498291016e+03, 0., 0., 0., 1.,
       0. ]
P2: !!opencv-matrix
   rows: 3
   cols: 4
   dt: d
   data: [ 1.9399034482548529e+03, 0., 1.3538086624145508e+03,
       -4.8758197237024143e+02, 0., 1.9399034482548529e+03,
       1.0033204498291016e+03, 0., 0., 0., 1., 0. ]
Q: !!opencv-matrix
   rows: 4
   cols: 4
   dt: d
   data: [ 1., 0., 0., -1.3538086624145508e+03, 0., 1., 0.,
       -1.0033204498291016e+03, 0., 0., 0., 1.9399034482548529e+03, 0.,
       0., 3.9786201258109744e+00, 0. ]
